0
7812.9
8661.8
10547
15217.6
20793.8
28506.1
35677.6
36859.1
40805.8
45189.7
47969.5
54148.4803
58657.97855
63167.47681
67676.97506
72186.47331
76695.97156
81205.46981
85714.96807
90224.46632
94733.96457
99243.46282
103752.9611
108262.4593
112771.9576
117281.4558
121790.9541
126300.4523
130809.9506
135319.4488
139828.9471
144338.4453
148847.9436
153357.4418
157866.9401
162376.4383
166885.9366
171395.4348
175904.9331
180414.4314
184923.9296
189433.4279
193942.9261
198452.4244
202961.9226
207471.4209
211980.9191
